1 46.19841269841201 "Hammersmith" 0 -1.00000000000000 0
2 98.74656462585 "BaronsCourt" 0 -1.00000000000000 0
3 248.92301587301182 "EarlsCourt" 0 -1.00000000000000 0
4 452.67811791381564 "GloucesterRoad" 0 -1.00000000000000 0
5 614.4931519274336 "SouthKensington" 0 -1.00000000000000 0
6 762.1672335601587 Knightsbridge 0 -1.00000000000000 0
7 897.3770294786012 "HydeParkCorner" 0 -1.00000000000000 0
8 999.8856916100631 "GreenPark" 0 -1.00000000000000 0
9 1103.7875510204371 "PiccadillyCircus" 0 -1.00000000000000 0
10 1207.230170068056 "LeicesterSquare" 0 -1.00000000000000 0
11 1297.9829445805203 "CoventGarden" 0 -1.00000000000000 0
12 1366.2579153066106 "Holborn" 0 -1.00000000000000 0
13 1455.8792110889067 "RusselSquare" 0 -1.00000000000000 0
15 1573.6597278911627 "KingsCrossStPancras" 0 -1.00000000000000 0
14 1724.0653968254026 "CaledonianRoad" 0 -1.00000000000000 0
16 1852.629784580508 "HollowayRoad" 0 -1.00000000000000 0
17 1941.6888662131917 "Arsenal" 0 -1.00000000000000 0
18 2034.9982539683456 "FinsburyPark" 0 -1.00000000000000 0
19 2124.284773242689 "ManorHouse" 0 -1.00000000000000 0
20 2166.65537414966000 "ManorHouse" 0 -1.00000000000000 0